511
997
812
210
25
511
997
812
210
25
511
997
812
210
25
511
997
812
210
24
511
997
812
210
24
511
997
812
211
24
511
997
812
211
24
511
997
812
211
24
511
997
812
211
24
511
997
812
211
24
511
997
812
211
24
511
997
812
211
24
511
997
812
211
24
511
997
812
211
24
511
997
812
211
24
510
997
812
211
24
510
997
812
211
24
510
997
812
211
24
510
997
812
211
24
510
997
812
211
24
510
997
812
211
24
510
997
812
211
24
510
997
812
211
24
510
997
812
211
24
510
997
812
211
24
510
997
812
211
24
510
997
812
211
24
510
997
812
211
24
510
997
812
211
24
510
997
812
211
24
510
997
812
211
24
510
997
813
211
24
510
997
813
211
24
510
997
813
211
24
510
997
813
211
24
510
997
813
211
24
510
997
813
211
24
510
997
813
211
24
510
997
813
211
24
510
997
813
211
24
510
997
813
211
24
510
997
813
211
24
510
997
813
212
24
510
997
813
212
24
510
997
813
212
24
509
997
813
212
24
509
997
813
212
24
509
997
813
212
24
509
997
813
212
24
509
997
813
212
24
509
997
813
212
24
509
997
813
212
24
509
997
813
212
24
509
997
813
212
24
509
997
813
212
24
509
997
813
212
24
509
997
813
212
24
509
997
813
212
24
509
997
813
212
24
509
997
813
212
24
509
997
813
212
24
509
997
813
212
24
509
997
813
212
24
509
997
813
212
24
509
997
813
212
24
509
997
813
212
24
509
997
813
212
24
509
997
813
212
24
509
997
814
212
24
509
997
814
212
24
509
997
814
212
24
509
997
814
212
24
509
997
814
212
24
509
997
814
212
24
509
997
814
212
24
508
997
814
212
24
508
997
814
212
24
508
997
814
212
24
508
997
814
212
24
508
997
814
213
24
508
997
814
213
24
508
997
814
213
24
508
997
814
213
24
508
997
814
213
24
508
997
814
213
24
508
997
814
213
24
508
997
814
213
24
508
997
814
213
24
508
997
814
213
24
508
997
814
213
24
508
997
814
213
24
508
997
814
213
24
508
996
814
213
24
508
996
814
213
24
508
996
814
213
24
508
996
814
213
24
508
996
814
213
24
508
996
814
213
24
508
996
814
213
24
508
996
814
213
24
508
996
814
213
23
508
996
814
213
23
508
996
814
213
23
508
996
814
213
23
507
996
814
213
23
507
996
815
213
23
507
996
815
213
23
507
996
815
213
23
507
996
815
213
23
507
996
815
213
23
507
996
815
213
23
507
996
815
213
23
507
996
815
213
23
507
996
815
213
23
507
996
815
213
23
507
996
815
214
23
507
996
815
214
23
507
996
815
214
23
507
996
815
214
23
507
996
815
214
23
507
996
815
214
23
507
996
815
214
23
507
996
815
214
23
507
996
815
214
23
507
996
815
214
23
507
996
815
214
23
507
996
815
214
23
507
996
815
214
23
507
996
815
214
23
507
996
815
214
23
507
996
815
214
23
507
996
815
214
23
507
996
815
214
23
507
996
815
214
23
506
996
815
214
23
506
996
815
214
23
506
996
815
214
23
506
996
815
214
23
506
996
815
214
23
506
996
815
214
23
506
996
815
214
23
506
996
815
214
23
506
996
816
214
23
506
996
816
214
23
506
996
816
214
23
506
996
816
214
23
506
996
816
214
23
506
996
816
214
23
506
996
816
214
23
506
996
816
214
23
506
996
816
214
23
506
996
816
214
23
506
996
816
215
23
506
996
816
215
23
506
996
816
215
23
506
996
816
215
23
506
996
816
215
23
506
996
816
215
23
506
996
816
215
23
506
996
816
215
23
506
996
816
215
23
506
996
816
215
23
506
996
816
215
23
506
996
816
215
23
505
996
816
215
23
505
996
816
215
23
505
996
816
215
23
505
996
816
215
23
505
996
816
215
23
505
996
816
215
23
505
996
816
215
23
505
996
816
215
23
505
996
816
215
23
505
996
816
215
23
505
996
816
215
23
505
996
816
215
23
505
996
816
215
23
505
996
816
215
23
505
996
816
215
23
505
996
817
215
23
505
996
817
215
23
505
996
817
215
23
505
996
817
215
23
505
996
817
215
23
505
996
817
215
23
505
995
817
215
23
505
995
817
215
23
505
995
817
215
23
505
995
817
216
23
505
995
817
216
23
505
995
817
216
23
505
995
817
216
23
505
995
817
216
23
504
995
817
216
23
504
995
817
216
23
504
995
817
216
23
504
995
817
216
23
504
995
817
216
23
504
995
817
216
23
504
995
817
216
22
504
995
817
216
22
504
995
817
216
22
504
995
817
216
22
504
995
817
216
22
504
995
817
216
22
504
995
817
216
22
504
995
817
216
22
504
995
817
216
22
504
995
817
216
22
504
995
817
216
22
504
995
817
216
22
504
995
817
216
22
504
995
817
216
22
504
995
817
216
22
504
995
817
216
22
504
995
817
216
22
504
995
818
216
22
504
995
818
216
22
504
995
818
216
22
504
995
818
216
22
504
995
818
216
22
504
995
818
216
22
504
995
818
216
22
503
995
818
216
22
503
995
818
217
22
503
995
818
217
22
503
995
818
217
22
503
995
818
217
22
503
995
818
217
22
503
995
818
217
22
503
995
818
217
22
503
995
818
217
22
503
995
818
217
22
503
995
818
217
22
503
995
818
217
22
503
995
818
217
22
503
995
818
217
22
503
995
818
217
22
503
995
818
217
22
503
995
818
217
22
503
995
818
217
22
503
995
818
217
22
503
995
818
217
22
503
995
818
217
22
503
995
818
217
22
503
995
818
217
22
503
995
818
217
22
503
995
818
217
22
503
995
818
217
22
503
995
818
217
22
503
995
818
217
22
503
995
818
217
22
503
995
818
217
22
502
995
819
217
22
502
995
819
217
22
502
995
819
217
22
502
995
819
217
22
502
995
819
217
22
502
995
819
217
22
502
995
819
217
22
502
995
819
217
22
502
995
819
218
22
502
995
819
218
22
502
995
819
218
22
502
995
819
218
22
502
995
819
218
22
502
995
819
218
22
502
995
819
218
22
502
995
819
218
22
502
995
819
218
22
502
995
819
218
22
502
995
819
218
22
502
995
819
218
22
502
995
819
218
22
502
995
819
218
22
502
995
819
218
22
502
995
819
218
22
502
994
819
218
22
502
994
819
218
22
502
994
819
218
22
502
994
819
218
22
502
994
819
218
22
501
994
819
218
22
501
994
819
218
22
501
994
819
218
22
501
994
819
218
22
501
994
819
218
22
501
994
819
218
22
501
994
819
218
22
501
994
819
218
22
501
994
820
218
22
501
994
820
218
22
501
994
820
218
22
501
994
820
218
22
501
994
820
218
22
501
994
820
218
22
501
994
820
218
22
501
994
820
219
22
501
994
820
219
22
501
994
820
219
22
501
994
820
219
21
501
994
820
219
21
501
994
820
219
21
501
994
820
219
21
501
994
820
219
21
501
994
820
219
21
501
994
820
219
21
501
994
820
219
21
501
994
820
219
21
501
994
820
219
21
501
994
820
219
21
501
994
820
219
21
500
994
820
219
21
500
994
820
219
21
500
994
820
219
21
500
994
820
219
21
500
994
820
219
21
500
994
820
219
21
500
994
820
219
21
500
994
820
219
21
500
994
820
219
21
500
994
820
219
21
500
994
820
219
21
500
994
820
219
21
500
994
820
219
21
500
994
820
219
21
500
994
820
219
21
500
994
821
219
21
500
994
821
219
21
500
994
821
219
21
500
994
821
219
21
500
994
821
219
21
500
994
821
219
21
500
994
821
220
21
500
994
821
220
21
500
994
821
220
21
500
994
821
220
21
500
994
821
220
21
500
994
821
220
21
500
994
821
220
21
500
994
821
220
21
500
994
821
220
21
499
994
821
220
21
499
994
821
220
21
499
994
821
220
21
499
994
821
220
21
499
994
821
220
21
499
994
821
220
21
499
994
821
220
21
499
994
821
220
21
499
994
821
220
21
499
994
821
220
21
499
994
821
220
21
499
994
821
220
21
499
994
821
220
21
499
994
821
220
21
499
994
821
220
21
499
994
821
220
21
499
994
821
220
21
499
994
821
220
21
499
994
821
220
21
499
994
821
220
21
499
994
821
220
21
499
994
821
220
21
499
994
822
220
21
499
994
822
220
21
499
994
822
220
21
499
993
822
220
21
499
993
822
220
21
499
993
822
221
21
499
993
822
221
21
498
993
822
221
21
498
993
822
221
21
498
993
822
221
21
498
993
822
221
21
498
993
822
221
21
498
993
822
221
21
498
993
822
221
21
498
993
822
221
21
498
993
822
221
21
498
993
822
221
21
498
993
822
221
21
498
993
822
221
21
498
993
822
221
21
498
993
822
221
21
498
993
822
221
21
498
993
822
221
21
498
993
822
221
21
498
993
822
221
21
498
993
822
221
21
498
993
822
221
21
498
993
822
221
21
498
993
822
221
21
498
993
822
221
21
498
993
822
221
21
498
993
822
221
21
498
993
822
221
21
498
993
822
221
21
498
993
822
221
21
498
993
822
221
21